**********************
Execution for minutes: 132
**********************

55.25
55.25
55.58
55.03
58.89
62.95
63.52
64.21
64.56
64.67
65.14
65.02
65.14
64.90
65.25
65.02
65.37
65.37
65.48
65.60
65.48
65.60
65.60
65.72
65.72
65.72
65.83
65.37
65.60
65.37
65.48
65.48
65.37
65.48
65.37
65.25
65.37
65.25
65.37
65.25
65.37
65.48
65.60
65.60
65.48
65.60
65.83
65.83
65.72
66.06
65.83
65.95
66.06
65.95
65.95
65.95
66.06
66.06
65.95
66.18
66.41
66.18
66.18
66.06
66.18
66.18
66.18
66.18
66.06
66.30
66.41
66.30
66.18
66.18
66.41
66.06
66.30
66.18
66.30
66.18
66.30
66.30
66.30
66.06
66.30
66.06
66.06
66.06
66.30
66.18
66.18
66.06
66.06
66.18
66.06
65.95
66.30
66.53
66.30
66.18
66.41
66.30
66.30
66.18
66.53
66.41
66.41
66.30
66.18
66.30
66.41
66.53
66.41
66.41
66.41
66.41
66.65
66.53
66.41
66.41
66.41
66.30
66.30
66.41
66.41
66.41
66.41
58.11
57.78
57.22
57.00
56.89
